error(train): 0.288591
error(test): 0.373494