gini_impurity: 0.49744897959183676
error: 0.4642857142857143
