gini_impurity: 0.49349128417638843
error: 0.4429530201342282
