error(train): 0.10714285714285714
error(test): 0.14285714285714285